The Element Stiffness matrices are
===================================
E =   2.1000e+11, I =   5.0000e-07

Ke1 where xe1 =   0.0000e+00, xe2 =   2.0000e+00, Le =   2.0000e+00
------------------------------------------------------------

    1.5750e+05	    1.5750e+05	   -1.5750e+05	    1.5750e+05

    1.5750e+05	    2.1000e+05	   -1.5750e+05	    1.0500e+05

   -1.5750e+05	   -1.5750e+05	    1.5750e+05	   -1.5750e+05

    1.5750e+05	    1.0500e+05	   -1.5750e+05	    2.1000e+05

Ke2 where xe1 =   2.0000e+00, xe2 =   4.0000e+00, Le =   2.0000e+00
------------------------------------------------------------

    1.5750e+05	    1.5750e+05	   -1.5750e+05	    1.5750e+05

    1.5750e+05	    2.1000e+05	   -1.5750e+05	    1.0500e+05

   -1.5750e+05	   -1.5750e+05	    1.5750e+05	   -1.5750e+05

    1.5750e+05	    1.0500e+05	   -1.5750e+05	    2.1000e+05

Ke3 where xe1 =   4.0000e+00, xe2 =   5.0000e+00, Le =   1.0000e+00
------------------------------------------------------------

    1.2600e+06	    6.3000e+05	   -1.2600e+06	    6.3000e+05

    6.3000e+05	    4.2000e+05	   -6.3000e+05	    2.1000e+05

   -1.2600e+06	   -6.3000e+05	    1.2600e+06	   -6.3000e+05

    6.3000e+05	    2.1000e+05	   -6.3000e+05	    4.2000e+05

Ke4 where xe1 =   5.0000e+00, xe2 =   6.0000e+00, Le =   1.0000e+00
------------------------------------------------------------

    1.2600e+06	    6.3000e+05	   -1.2600e+06	    6.3000e+05

    6.3000e+05	    4.2000e+05	   -6.3000e+05	    2.1000e+05

   -1.2600e+06	   -6.3000e+05	    1.2600e+06	   -6.3000e+05

    6.3000e+05	    2.1000e+05	   -6.3000e+05	    4.2000e+05

The Element Load Vector are
===================================

fe2 where q =   2.0000e+03, xe1 =   2.0000e+00, xe2 =   4.0000e+00, Le =   2.0000e+00
-------------------------------------------------------------------------------

    2.0000e+03

    6.6667e+02

    2.0000e+03

   -6.6667e+02



The Global Stiffness matrix is
==================================

K
--
  1.5750e+05	  1.5750e+05	 -1.5750e+05	  1.5750e+05	  0.0000e+00	  0.0000e+00	  0.0000e+00	  0.0000e+00	  0.0000e+00	  0.0000e+00

  1.5750e+05	  2.1000e+05	 -1.5750e+05	  1.0500e+05	  0.0000e+00	  0.0000e+00	  0.0000e+00	  0.0000e+00	  0.0000e+00	  0.0000e+00

 -1.5750e+05	 -1.5750e+05	  3.1500e+05	  0.0000e+00	 -1.5750e+05	  1.5750e+05	  0.0000e+00	  0.0000e+00	  0.0000e+00	  0.0000e+00

  1.5750e+05	  1.0500e+05	  0.0000e+00	  4.2000e+05	 -1.5750e+05	  1.0500e+05	  0.0000e+00	  0.0000e+00	  0.0000e+00	  0.0000e+00

  0.0000e+00	  0.0000e+00	 -1.5750e+05	 -1.5750e+05	  1.4175e+06	  4.7250e+05	 -1.2600e+06	  6.3000e+05	  0.0000e+00	  0.0000e+00

  0.0000e+00	  0.0000e+00	  1.5750e+05	  1.0500e+05	  4.7250e+05	  6.3000e+05	 -6.3000e+05	  2.1000e+05	  0.0000e+00	  0.0000e+00

  0.0000e+00	  0.0000e+00	  0.0000e+00	  0.0000e+00	 -1.2600e+06	 -6.3000e+05	  2.5200e+06	  0.0000e+00	 -1.2600e+06	  6.3000e+05

  0.0000e+00	  0.0000e+00	  0.0000e+00	  0.0000e+00	  6.3000e+05	  2.1000e+05	  0.0000e+00	  8.4000e+05	 -6.3000e+05	  2.1000e+05

  0.0000e+00	  0.0000e+00	  0.0000e+00	  0.0000e+00	  0.0000e+00	  0.0000e+00	 -1.2600e+06	 -6.3000e+05	  1.2600e+06	 -6.3000e+05

  0.0000e+00	  0.0000e+00	  0.0000e+00	  0.0000e+00	  0.0000e+00	  0.0000e+00	  6.3000e+05	  2.1000e+05	 -6.3000e+05	  4.2000e+05



The Global Load Vector is
==================================

F
--
  0.0000e+00

  0.0000e+00

  1.2000e+04

  6.6667e+02

  2.0000e+03

 -6.6667e+02

  0.0000e+00

  3.0000e+03

  0.0000e+00

  0.0000e+00



Imposition of Boundary Condition
==================================

K u = F
--------
  1.5750e+05	  1.5750e+05	 -1.5750e+05	  1.5750e+05	  0.0000e+00	  0.0000e+00	  0.0000e+00	  0.0000e+00	  0.0000e+00	  0.0000e+00				  0.0000e+00

  1.5750e+05	  2.1000e+05	 -1.5750e+05	  1.0500e+05	  0.0000e+00	  0.0000e+00	  0.0000e+00	  0.0000e+00	  0.0000e+00	  0.0000e+00				  0.0000e+00

 -1.5750e+05	 -1.5750e+05	  3.1500e+05	  0.0000e+00	 -1.5750e+05	  1.5750e+05	  0.0000e+00	  0.0000e+00	  0.0000e+00	  0.0000e+00				  1.2000e+04

  1.5750e+05	  1.0500e+05	  0.0000e+00	  4.2000e+05	 -1.5750e+05	  1.0500e+05	  0.0000e+00	  0.0000e+00	  0.0000e+00	  0.0000e+00				  6.6667e+02

  0.0000e+00	  0.0000e+00	 -1.5750e+05	 -1.5750e+05	  1.4175e+06	  4.7250e+05	 -1.2600e+06	  6.3000e+05	  0.0000e+00	  0.0000e+00				  2.0000e+03

  0.0000e+00	  0.0000e+00	  1.5750e+05	  1.0500e+05	  4.7250e+05	  6.3000e+05	 -6.3000e+05	  2.1000e+05	  0.0000e+00	  0.0000e+00				 -6.6667e+02

  0.0000e+00	  0.0000e+00	  0.0000e+00	  0.0000e+00	 -1.2600e+06	 -6.3000e+05	  2.5200e+06	  0.0000e+00	 -1.2600e+06	  6.3000e+05				  0.0000e+00

  0.0000e+00	  0.0000e+00	  0.0000e+00	  0.0000e+00	  6.3000e+05	  2.1000e+05	  0.0000e+00	  8.4000e+05	 -6.3000e+05	  2.1000e+05				  3.0000e+03

  0.0000e+00	  0.0000e+00	  0.0000e+00	  0.0000e+00	  0.0000e+00	  0.0000e+00	 -1.2600e+06	 -6.3000e+05	  1.2600e+06	 -6.3000e+05				  0.0000e+00

  0.0000e+00	  0.0000e+00	  0.0000e+00	  0.0000e+00	  0.0000e+00	  0.0000e+00	  6.3000e+05	  2.1000e+05	 -6.3000e+05	  4.2000e+05				  0.0000e+00



Reduced Equations
=======================

K_reduce u = F_reduce
--------
  2.1000e+05	 -1.5750e+05	  1.0500e+05	  0.0000e+00	  0.0000e+00	  0.0000e+00	  0.0000e+00	  0.0000e+00				  0.0000e+00

 -1.5750e+05	  3.1500e+05	  0.0000e+00	 -1.5750e+05	  1.5750e+05	  0.0000e+00	  0.0000e+00	  0.0000e+00				  1.2000e+04

  1.0500e+05	  0.0000e+00	  4.2000e+05	 -1.5750e+05	  1.0500e+05	  0.0000e+00	  0.0000e+00	  0.0000e+00				  6.6667e+02

  0.0000e+00	 -1.5750e+05	 -1.5750e+05	  1.4175e+06	  4.7250e+05	 -1.2600e+06	  6.3000e+05	  0.0000e+00				  2.0000e+03

  0.0000e+00	  1.5750e+05	  1.0500e+05	  4.7250e+05	  6.3000e+05	 -6.3000e+05	  2.1000e+05	  0.0000e+00				 -6.6667e+02

  0.0000e+00	  0.0000e+00	  0.0000e+00	 -1.2600e+06	 -6.3000e+05	  2.5200e+06	  0.0000e+00	  6.3000e+05				  0.0000e+00

  0.0000e+00	  0.0000e+00	  0.0000e+00	  6.3000e+05	  2.1000e+05	  0.0000e+00	  8.4000e+05	  2.1000e+05				  3.0000e+03

  0.0000e+00	  0.0000e+00	  0.0000e+00	  0.0000e+00	  0.0000e+00	  6.3000e+05	  2.1000e+05	  4.2000e+05				  0.0000e+00



The Final Solution
=========================

wn
--
  0.0000e+00

  2.6799e-01

  4.3228e-01

  1.1243e-01

  3.8201e-01

 -1.3836e-01

  2.1164e-01

 -1.9312e-01

  0.0000e+00

 -2.2090e-01



The Reaction Forces can be found from
=========================================

F = K*wn
---------
 -8.1667e+03

 -2.1828e-11

  1.2000e+04

  6.6667e+02

  2.0000e+03

 -6.6667e+02

  5.8208e-11

  3.0000e+03

 -5.8333e+03

 -1.4552e-11

